crime.rows <- 607916
size.mb <- 304

calls.mo <- 3000

calls.yr <- calls.mo *12

years <- 12

size.911 <- ((years * calls.yr) / crime.rows) * size.mb

crime.rows / (12*12+8) / 30 / 24 / 60

60 / 5.554788
